146 198 807 549 
147 530 827 621 
148 472 577 554 
149 155 587 560 
150 804 895 573 
151 198 549 142 
152 573 833 804 
153 636 637 457 
154 137 545 164 
155 124 543 154 
156 546 556 164 
157 152 555 524 
158 735 858 188 
159 187 571 564 
160 560 701 155 
161 538 557 151 
162 538 820 557 
163 143 683 568 
164 564 570 187 
165 733 829 502 
166 543 544 154 
167 545 546 164 
168 608 830 141 
169 568 684 143 
170 554 628 472 
171 601 806 544 
172 457 838 636 
173 186 701 641 
174 590 772 180 
175 194 902 722 
176 177 542 540 
177 824 826 303 
178 537 554 536 
179 546 835 556 
180 544 864 601 
181 425 829 733 
182 196 344 197 
183 572 823 147 
184 729 842 298 
185 555 842 524 
186 621 827 190 
187 535 537 536 
188 547 855 175 
189 522 830 608 
190 344 606 197 
191 566 893 604 
192 722 902 706 
193 589 590 172 
194 163 592 548 
195 692 698 355 
196 592 597 548 
197 339 583 525 
198 575 874 352 
199 766 884 844 
200 599 844 24 
201 147 845 572 
202 24 863 599 
203 604 893 349 
204 177 721 542 
205 605 884 364 
206 175 855 803 
207 180 772 598 
208 352 869 575 
209 641 701 560 
210 591 826 824 
211 524 842 729 
212 160 892 579 
213 691 698 692 
214 199 606 202 
215 188 858 672 
216 844 884 181 
217 143 734 683 
218 96 651 95 
219 355 821 692 
220 690 851 808 
221 327 698 691 
222 105 684 104 
223 443 733 646 
224 649 650 193 
225 502 853 733 
226 808 851 361 
227 161 834 630 
228 590 848 172 
229 646 732 443 
230 615 922 322 
231 650 651 193 
232 683 734 508 
233 334 594 336 
234 315 739 619 
235 339 594 583 
236 514 761 657 
237 472 898 577 
238 549 807 550 
239 579 800 160 
240 798 892 86 
241 810 814 552 
242 327 691 689 
243 769 771 526 
244 515 732 731 
245 579 892 581 
246 323 600 325 
247 193 651 96 
248 181 884 605 
249 45 701 44 
250 552 814 584 
251 537 628 554 
252 574 823 572 
253 322 809 615 
254 197 606 199 
255 583 903 525 
256 641 702 186 
257 196 197 142 
258 689 714 327 
259 761 873 657 
260 734 818 508 
261 834 907 630 
262 557 820 592 
263 364 805 605 
264 141 537 535 
265 581 892 798 
266 336 594 339 
267 810 841 343 
268 570 788 187 
269 152 344 196 
270 535 536 151 
271 172 591 589 
272 515 880 732 
273 584 814 290 
274 536 576 538 
275 619 917 315 
276 166 679 585 
277 513 869 867 
278 549 550 153 
279 578 891 890 
280 193 727 649 
281 180 848 590 
282 143 684 105 
283 557 592 163 
284 890 891 323 
285 607 779 182 
286 505 663 662 
287 189 849 650 
288 569 854 347 
289 468 597 592 
290 104 684 183 
291 164 556 555 
292 202 606 258 
293 666 697 559 
294 508 818 602 
295 833 845 618 
296 163 548 547 
297 625 829 817 
298 462 695 593 
299 168 569 566 
300 540 541 167 
301 779 867 182 
302 5 196 142 
303 690 714 689 
304 141 535 127 
305 136 545 137 
306 142 549 114 
307 123 543 124 
308 116 539 117 
309 126 608 141 
310 575 869 513 
311 524 822 344 
312 341 771 769 
313 134 583 135 
314 347 893 569 
315 152 196 140 
316 817 829 425 
317 128 535 151 
318 155 588 587 
319 178 781 631 
320 32 823 789 
321 693 821 588 
322 334 665 594 
323 139 555 152 
324 151 557 129 
325 550 600 153 
326 164 555 138 
327 729 822 524 
328 115 549 153 
329 130 557 163 
330 154 608 125 
331 384 677 386 
332 649 727 713 
333 660 661 342 
334 323 891 600 
335 625 802 624 
336 290 930 584 
337 163 547 131 
338 564 869 352 
339 733 876 425 
340 586 858 735 
341 595 677 415 
342 552 841 810 
343 572 845 573 
344 745 905 171 
345 132 547 175 
346 621 861 530 
347 122 540 167 
348 168 566 118 
349 155 701 45 
350 120 604 177 
351 177 540 121 
352 462 806 601 
353 374 597 468 
354 44 701 186 
355 566 604 119 
356 650 879 189 
357 833 868 804 
358 182 867 866 
359 328 801 793 
360 661 789 574 
361 628 830 498 
362 578 854 569 
363 532 862 629 
364 669 857 668 
365 488 857 669 
366 826 843 659 
367 690 808 714 
368 541 831 813 
369 133 836 134 
370 403 802 625 
371 149 759 697 
372 541 813 167 
373 529 905 745 
374 578 890 854 
375 148 870 756 
376 145 882 875 
377 187 788 77 
378 820 847 609 
379 573 845 833 
380 537 830 628 
381 666 816 65 
382 694 900 644 
383 503 912 671 
384 543 864 544 
385 415 677 384 
386 679 680 585 
387 429 695 462 
388 554 576 536 
389 671 862 503 
390 34 620 147 
391 789 823 574 
392 686 713 170 
393 629 879 532 
394 160 638 84 
395 647 676 596 
396 456 601 500 
397 556 842 555 
398 509 777 507 
399 372 597 374 
400 697 759 512 
401 692 821 693 
402 645 646 644 
403 474 713 686 
404 386 677 676 
405 616 922 615 
406 697 908 559 
407 546 920 603 
408 796 808 361 
409 676 677 596 
410 644 853 694 
411 319 603 300 
412 576 847 538 
413 176 665 545 
414 587 658 321 
415 360 796 361 
416 645 732 646 
417 559 816 666 
418 19 745 171 
419 192 858 586 
420 298 842 791 
421 866 867 571 
422 603 835 546 
423 643 645 644 
424 73 632 174 
425 756 886 148 
426 539 933 117 
427 525 611 340 
428 653 750 329 
429 680 886 494 
430 321 755 278 
431 781 923 631 
432 647 748 406 
433 793 801 516 
434 643 644 157 
435 594 665 176 
436 648 713 474 
437 791 835 319 
438 505 870 663 
439 610 678 304 
440 70 634 159 
441 673 777 509 
442 713 727 170 
443 298 623 264 
444 875 882 561 
445 565 915 636 
446 652 750 653 
447 16 643 157 
448 181 605 22 
449 593 806 462 
450 650 849 651 
451 162 671 670 
452 11 780 679 
453 585 861 166 
454 264 623 266 
455 596 748 647 
456 696 819 360 
457 173 607 81 
458 580 800 579 
459 281 749 247 
460 357 678 610 
461 637 860 457 
462 733 853 646 
463 162 670 90 
464 378 609 453 
465 826 872 303 
466 658 755 321 
467 67 655 149 
468 635 636 173 
469 591 843 826 
470 35 620 34 
471 191 615 612 
472 595 898 472 
473 577 898 664 
474 525 927 611 
475 84 638 83 
476 679 780 680 
477 507 640 639 
478 836 927 525 
479 648 711 504 
480 304 678 281 
481 474 711 648 
482 441 601 456 
483 655 759 149 
484 623 791 319 
485 340 611 363 
486 339 525 340 
487 363 611 366 
488 695 737 593 
489 13 663 148 
490 82 635 173 
491 626 627 464 
492 348 349 347 
493 612 615 613 
494 197 198 142 
495 465 626 464 
496 191 616 615 
497 449 628 498 
498 191 612 38 
499 8 621 190 
500 687 737 695 
501 456 500 459 
502 313 333 332 
503 233 682 231 
504 586 929 192 
505 669 912 488 
506 191 783 616 
507 444 712 404 
508 429 462 441 
509 293 323 292 
510 336 339 338 
511 270 319 300 
512 642 645 643 
513 300 603 313 
514 622 712 444 
515 231 682 328 
516 291 292 290 
517 449 498 448 
518 678 749 281 
519 266 623 270 
520 313 603 333 
521 346 347 297 
522 462 601 441 
523 215 699 218 
524 152 524 344 
525 507 639 461 
526 189 629 92 
527 62 630 188 
528 427 695 429 
529 536 538 151 
530 21 605 179 
531 771 878 526 
532 491 626 465 
533 36 617 35 
534 366 368 367 
535 430 687 417 
536 363 366 365 
537 374 468 376 
538 667 668 150 
539 80 607 182 
540 158 660 659 
541 631 632 74 
542 178 631 75 
543 652 653 302 
544 624 626 491 
545 507 777 640 
546 404 712 681 
547 442 448 430 
548 291 293 292 
549 638 800 637 
550 461 639 431 
551 90 670 89 
552 88 667 150 
553 242 652 302 
554 134 903 583 
555 574 904 661 
556 309 696 360 
557 654 656 655 
558 468 820 609 
559 472 628 449 
560 767 885 634 
561 501 625 624 
562 333 334 332 
563 78 187 77 
564 442 449 448 
565 617 620 35 
566 612 613 165 
567 333 665 334 
568 171 642 18 
569 174 633 72 
570 159 657 654 
571 10 679 166 
572 453 664 380 
573 188 672 61 
574 21 179 20 
575 23 181 22 
576 26 180 25 
577 249 343 239 
578 270 623 319 
579 635 637 636 
580 323 325 292 
581 633 634 71 
582 642 643 17 
583 538 847 820 
584 468 609 376 
585 74 632 73 
586 76 178 75 
587 80 182 79 
588 73 174 72 
589 82 173 81 
590 501 624 493 
591 498 522 499 
592 187 866 571 
593 320 641 560 
594 289 290 287 
595 493 624 491 
596 158 659 30 
597 416 442 430 
598 654 657 656 
599 596 677 595 
600 213 699 215 
601 376 609 378 
602 19 171 18 
603 28 172 27 
604 289 291 290 
605 416 430 417 
606 168 578 569 
607 170 790 686 
608 71 634 70 
609 154 901 608 
610 406 416 407 
611 611 803 366 
612 159 654 69 
613 306 528 527 
614 37 612 165 
615 166 621 9 
616 39 191 38 
617 8 190 7 
618 348 350 349 
619 17 643 16 
620 654 655 68 
621 496 501 493 
622 533 649 648 
623 393 647 406 
624 157 662 15 
625 339 340 338 
626 83 635 82 
627 70 159 69 
628 85 160 84 
629 533 648 504 
630 158 661 660 
631 346 348 347 
632 614 619 618 
633 253 696 309 
634 258 822 260 
635 382 664 415 
636 401 674 486 
637 441 456 455 
638 31 158 30 
639 16 157 15 
640 188 907 735 
641 237 652 242 
642 404 681 405 
643 320 321 278 
644 467 703 439 
645 239 682 233 
646 68 655 67 
647 662 663 14 
648 467 704 703 
649 372 374 373 
650 149 666 66 
651 369 372 371 
652 429 441 440 
653 171 731 642 
654 378 453 380 
655 682 801 328 
656 22 605 21 
657 91 629 162 
658 161 630 63 
659 88 150 87 
660 67 149 66 
661 358 768 268 
662 93 189 92 
663 62 188 61 
664 61 672 60 
665 310 675 553 
666 636 838 565 
667 613 614 165 
668 707 757 736 
669 460 461 431 
670 81 607 80 
671 427 429 428 
672 560 587 321 
673 14 663 13 
674 498 499 448 
675 75 631 74 
676 83 638 635 
677 218 699 306 
678 667 669 668 
679 473 686 517 
680 10 166 9 
681 37 165 36 
682 253 309 308 
683 320 560 321 
684 237 242 241 
685 496 502 501 
686 393 406 396 
687 366 367 365 
688 494 894 680 
689 456 459 458 
690 270 300 299 
691 473 506 461 
692 374 376 375 
693 11 679 10 
694 408 674 401 
695 388 676 391 
696 405 681 413 
697 18 642 17 
698 419 687 427 
699 89 667 88 
700 473 517 506 
701 413 435 434 
702 38 612 37 
703 9 621 8 
704 242 302 244 
705 460 473 461 
706 736 757 444 
707 30 659 29 
708 34 147 33 
709 13 148 12 
710 435 681 475 
711 540 542 541 
712 386 676 388 
713 476 685 446 
714 72 633 71 
715 300 313 312 
716 242 244 243 
717 91 162 90 
718 64 161 63 
719 423 674 408 
720 380 664 382 
721 262 298 264 
722 634 885 159 
723 391 676 647 
724 368 369 367 
725 262 729 298 
726 235 652 237 
727 223 225 221 
728 422 423 408 
729 431 639 422 
730 624 802 626 
731 639 640 423 
732 410 710 400 
733 506 509 507 
734 247 749 225 
735 343 682 239 
736 419 427 426 
737 413 681 435 
738 376 378 377 
739 92 629 91 
740 63 630 62 
741 391 647 393 
742 309 326 308 
743 446 685 483 
744 479 685 476 
745 309 359 326 
746 435 445 434 
747 420 718 418 
748 688 691 144 
749 272 273 249 
750 435 446 445 
751 69 654 68 
752 15 662 14 
753 471 472 449 
754 504 711 450 
755 522 534 499 
756 417 687 419 
757 731 732 645 
758 656 760 759 
759 359 561 326 
760 165 617 36 
761 360 361 359 
762 89 670 667 
763 813 864 543 
764 306 527 314 
765 406 748 416 
766 49 688 144 
767 242 243 241 
768 397 707 392 
769 322 641 320 
770 484 700 445 
771 556 835 791 
772 248 249 239 
773 66 666 65 
774 532 533 504 
775 416 417 407 
776 567 568 479 
777 266 270 269 
778 506 507 461 
779 382 415 384 
780 149 697 666 
781 683 685 568 
782 243 696 253 
783 445 700 434 
784 446 483 445 
785 483 683 508 
786 705 706 531 
787 246 247 225 
788 244 696 243 
789 466 531 530 
790 48 693 47 
791 430 737 687 
792 401 486 397 
793 225 717 221 
794 422 639 423 
795 309 360 359 
796 627 710 464 
797 285 320 278 
798 406 407 396 
799 439 703 466 
800 49 144 48 
801 106 143 105 
802 614 618 617 
803 435 475 446 
804 592 820 468 
805 223 246 225 
806 277 358 268 
807 496 694 502 
808 670 671 669 
809 432 460 431 
810 313 332 331 
811 400 710 394 
812 253 308 254 
813 286 287 273 
814 568 685 479 
815 483 508 484 
816 466 703 531 
817 459 482 481 
818 144 693 48 
819 413 434 414 
820 392 707 390 
821 480 567 479 
822 474 686 473 
823 251 720 224 
824 554 577 576 
825 279 280 247 
826 278 755 251 
827 280 281 247 
828 606 822 258 
829 235 750 652 
830 469 728 580 
831 246 279 247 
832 475 476 446 
833 184 688 50 
834 483 685 683 
835 436 700 467 
836 50 688 49 
837 280 282 281 
838 374 375 373 
839 280 327 282 
840 691 692 144 
841 836 903 134 
842 704 705 703 
843 464 710 410 
844 372 373 371 
845 689 691 688 
846 469 580 579 
847 499 737 448 
848 294 295 293 
849 378 380 379 
850 306 699 528 
851 681 712 475 
852 424 431 422 
853 231 328 229 
854 452 497 447 
855 478 479 476 
856 482 575 513 
857 447 718 420 
858 602 818 156 
859 467 730 704 
860 280 698 327 
861 436 467 439 
862 310 553 324 
863 184 689 688 
864 355 698 279 
865 243 253 245 
866 218 306 220 
867 238 239 233 
868 649 713 648 
869 766 844 599 
870 104 183 103 
871 51 184 50 
872 434 436 414 
873 483 484 445 
874 478 480 479 
875 378 379 377 
876 480 673 567 
877 486 707 397 
878 279 698 280 
879 492 493 491 
880 288 289 287 
881 523 610 304 
882 282 304 281 
883 508 602 484 
884 460 474 473 
885 475 477 476 
886 327 714 282 
887 255 278 251 
888 503 504 450 
889 444 757 622 
890 399 444 404 
891 237 241 240 
892 308 675 310 
893 703 705 531 
894 604 881 177 
895 388 391 390 
896 328 723 229 
897 158 789 661 
898 442 471 449 
899 380 382 381 
900 687 695 427 
901 376 377 375 
902 434 700 436 
903 354 355 279 
904 51 709 184 
905 183 708 103 
906 216 226 214 
907 103 708 102 
908 52 709 51 
909 484 730 700 
910 421 464 410 
911 409 422 408 
912 402 408 401 
913 760 873 275 
914 477 478 476 
915 382 383 381 
916 282 305 304 
917 334 336 335 
918 399 404 400 
919 692 693 144 
920 477 622 485 
921 533 650 649 
922 398 401 397 
923 427 428 426 
924 513 867 779 
925 308 310 254 
926 441 455 440 
927 640 754 423 
928 222 223 221 
929 602 730 484 
930 184 690 689 
931 326 675 308 
932 553 586 324 
933 495 496 493 
934 250 251 224 
935 490 491 465 
936 667 670 669 
937 258 260 259 
938 452 520 497 
939 102 146 101 
940 53 145 52 
941 307 511 256 
942 380 381 379 
943 197 199 198 
944 184 709 690 
945 274 510 316 
946 429 440 428 
947 5 142 114 
948 126 141 127 
949 305 523 304 
950 699 773 528 
951 246 354 279 
952 759 760 512 
953 405 413 411 
954 614 617 165 
955 235 237 236 
956 388 389 387 
957 477 485 478 
958 475 712 477 
959 386 387 385 
960 413 414 411 
961 433 487 454 
962 477 712 622 
963 635 638 637 
964 497 719 718 
965 456 458 455 
966 471 595 472 
967 102 708 146 
968 145 709 52 
969 384 385 383 
970 282 714 305 
971 618 620 617 
972 497 718 447 
973 285 322 320 
974 306 314 220 
975 389 399 394 
976 274 724 510 
977 391 393 392 
978 340 363 362 
979 215 216 214 
980 248 272 249 
981 296 297 295 
982 270 299 269 
983 404 405 400 
984 272 286 273 
985 642 731 645 
986 219 221 217 
987 382 384 383 
988 232 235 234 
989 354 658 355 
990 336 338 337 
991 216 356 226 
992 368 855 837 
993 509 877 673 
994 424 432 431 
995 20 745 19 
996 389 394 387 
997 46 155 45 
998 109 156 108 
999 55 725 54 
1000 674 765 486 
1001 329 750 230 
1002 291 294 293 
1003 593 737 499 
1004 107 734 106 
1005 395 397 392 
1006 243 245 241 
1007 238 248 239 
1008 399 736 444 
1009 249 810 343 
1010 253 254 245 
1011 391 392 390 
1012 202 258 204 
1013 487 488 454 
1014 260 262 261 
1015 417 419 418 
1016 356 678 357 
1017 345 346 297 
1018 405 410 400 
1019 300 312 299 
1020 214 715 211 
1021 597 837 548 
1022 356 357 226 
1023 110 716 109 
1024 511 744 256 
1025 226 715 214 
1026 686 790 517 
1027 140 196 5 
1028 363 365 364 
1029 448 737 430 
1030 384 386 385 
1031 398 402 401 
1032 503 532 504 
1033 386 388 387 
1034 402 409 408 
1035 409 424 422 
1036 172 843 591 
1037 393 396 395 
1038 618 845 620 
1039 225 749 717 
1040 399 400 394 
1041 395 398 397 
1042 388 390 389 
1043 216 717 356 
1044 106 734 143 
1045 389 736 399 
1046 255 285 278 
1047 433 740 487 
1048 222 224 223 
1049 250 255 251 
1050 581 582 470 
1051 387 742 385 
1052 7 784 6 
1053 40 783 39 
1054 307 512 511 
1055 111 185 110 
1056 44 186 43 
1057 421 465 464 
1058 572 573 318 
1059 127 535 128 
1060 317 318 284 
1061 351 352 350 
1062 417 418 407 
1063 432 711 460 
1064 490 492 491 
1065 205 206 203 
1066 450 711 432 
1067 213 214 211 
1068 369 371 370 
1069 241 724 240 
1070 451 452 447 
1071 510 558 316 
1072 518 519 463 
1073 329 776 653 
1074 405 411 410 
1075 486 757 707 
1076 209 213 211 
1077 56 169 55 
1078 99 170 98 
1079 212 229 210 
1080 208 209 207 
1081 209 211 210 
1082 204 205 203 
1083 505 694 496 
1084 452 521 520 
1085 486 765 757 
1086 205 208 207 
1087 212 329 230 
1088 209 210 207 
1089 492 495 493 
1090 258 259 204 
1091 237 240 236 
1092 223 720 246 
1093 383 403 381 
1094 224 720 223 
1095 286 288 287 
1096 314 562 330 
1097 114 549 115 
1098 459 481 458 
1099 235 236 234 
1100 139 152 140 
1101 128 151 129 
1102 402 412 409 
1103 215 217 216 
1104 719 762 718 
1105 436 437 414 
1106 283 284 277 
1107 219 222 221 
1108 230 750 232 
1109 125 608 126 
1110 205 207 206 
1111 199 201 200 
1112 207 723 206 
1113 438 447 420 
1114 471 596 595 
1115 707 736 390 
1116 436 439 437 
1117 390 736 389 
1118 856 874 575 
1119 213 215 214 
1120 313 331 312 
1121 199 202 201 
1122 260 261 259 
1123 485 747 478 
1124 438 469 451 
1125 179 745 20 
1126 700 730 467 
1127 747 754 640 
1128 460 711 474 
1129 221 717 217 
1130 217 717 216 
1131 433 450 432 
1132 211 212 210 
1133 246 720 354 
1134 137 164 138 
1135 130 163 131 
1136 138 555 139 
1137 454 503 450 
1138 421 489 465 
1139 419 426 420 
1140 314 330 220 
1141 112 722 111 
1142 393 395 392 
1143 260 729 262 
1144 471 748 596 
1145 442 748 471 
1146 129 557 130 
1147 211 715 212 
1148 310 324 311 
1149 222 228 224 
1150 215 218 217 
1151 301 551 257 
1152 334 335 332 
1153 469 579 470 
1154 411 421 410 
1155 230 231 229 
1156 495 505 496 
1157 416 748 442 
1158 288 341 289 
1159 433 454 450 
1160 57 726 56 
1161 98 727 97 
1162 240 256 236 
1163 228 250 224 
1164 651 911 95 
1165 109 716 156 
1166 489 490 465 
1167 424 433 432 
1168 439 466 463 
1169 212 230 229 
1170 394 742 387 
1171 419 420 418 
1172 466 530 518 
1173 218 220 219 
1174 310 311 254 
1175 562 563 330 
1176 245 724 241 
1177 276 277 268 
1178 232 233 231 
1179 234 238 233 
1180 218 219 217 
1181 274 307 256 
1182 518 585 519 
1183 290 814 287 
1184 627 742 710 
1185 478 747 480 
1186 360 819 796 
1187 12 780 11 
1188 240 274 256 
1189 124 154 125 
1190 115 153 116 
1191 228 252 250 
1192 267 268 265 
1193 438 451 447 
1194 274 316 307 
1195 319 835 603 
1196 482 513 481 
1197 160 800 638 
1198 469 470 451 
1199 202 203 201 
1200 317 572 318 
1201 255 315 285 
1202 240 724 274 
1203 558 559 316 
1204 232 234 233 
1205 426 438 420 
1206 227 257 200 
1207 356 749 678 
1208 283 317 284 
1209 773 786 528 
1210 248 275 272 
1211 276 342 283 
1212 232 750 235 
1213 656 759 655 
1214 588 928 693 
1215 199 200 198 
1216 317 574 572 
1217 582 738 470 
1218 77 788 76 
1219 490 494 492 
1220 262 264 263 
1221 534 593 499 
1222 212 715 329 
1223 169 725 55 
1224 230 232 231 
1225 718 762 418 
1226 210 723 207 
1227 185 716 110 
1228 113 194 112 
1229 42 195 41 
1230 349 881 604 
1231 552 584 551 
1232 263 271 261 
1233 379 425 377 
1234 227 516 301 
1235 717 749 356 
1236 423 754 674 
1237 757 765 622 
1238 174 771 633 
1239 122 167 123 
1240 117 168 118 
1241 375 443 373 
1242 586 735 324 
1243 202 204 203 
1244 58 192 57 
1245 97 193 96 
1246 710 742 394 
1247 630 907 188 
1248 579 581 470 
1249 428 728 426 
1250 520 812 799 
1251 452 738 521 
1252 466 518 463 
1253 414 741 411 
1254 439 463 437 
1255 150 931 798 
1256 485 765 754 
1257 811 815 302 
1258 550 916 600 
1259 451 738 452 
1260 32 789 31 
1261 455 457 440 
1262 131 547 132 
1263 262 263 261 
1264 877 887 673 
1265 264 266 265 
1266 276 283 277 
1267 132 175 133 
1268 135 176 136 
1269 294 296 295 
1270 120 177 121 
1271 251 755 720 
1272 324 353 311 
1273 266 269 267 
1274 369 370 367 
1275 787 792 398 
1276 340 362 338 
1277 227 301 257 
1278 354 755 658 
1279 501 829 625 
1280 286 514 288 
1281 205 743 208 
1282 301 552 551 
1283 485 754 747 
1284 437 741 414 
1285 150 798 87 
1286 348 351 350 
1287 119 604 120 
1288 438 728 469 
1289 299 303 269 
1290 784 902 194 
1291 412 740 409 
1292 418 762 407 
1293 121 540 122 
1294 357 811 776 
1295 421 741 489 
1296 357 776 226 
1297 118 566 119 
1298 267 276 268 
1299 409 740 424 
1300 203 751 201 
1301 754 765 674 
1302 229 723 210 
1303 426 728 438 
1304 204 743 205 
1305 622 765 485 
1306 330 770 746 
1307 330 746 220 
1308 336 337 335 
1309 111 722 185 
1310 266 267 265 
1311 250 739 255 
1312 201 227 200 
1313 219 746 222 
1314 728 758 580 
1315 603 920 333 
1316 470 738 451 
1317 629 862 162 
1318 296 345 297 
1319 220 746 219 
1320 236 744 234 
1321 264 265 263 
1322 153 539 116 
1323 234 744 238 
1324 720 755 354 
1325 363 364 362 
1326 424 740 433 
1327 742 775 385 
1328 222 746 228 
1329 407 762 396 
1330 257 839 807 
1331 252 739 250 
1332 56 726 169 
1333 170 727 98 
1334 291 769 294 
1335 636 915 173 
1336 625 817 403 
1337 256 744 236 
1338 167 543 123 
1339 371 515 370 
1340 341 769 289 
1341 411 741 421 
1342 206 751 203 
1343 747 777 480 
1344 482 856 575 
1345 746 770 228 
1346 176 545 136 
1347 209 773 213 
1348 289 769 291 
1349 519 778 463 
1350 259 743 204 
1351 719 787 762 
1352 255 739 315 
1353 385 775 383 
1354 459 831 482 
1355 545 920 546 
1356 254 753 245 
1357 338 766 337 
1358 383 775 403 
1359 511 774 744 
1360 331 590 589 
1361 335 772 332 
1362 324 735 353 
1363 213 773 699 
1364 352 721 350 
1365 271 752 261 
1366 481 565 458 
1367 351 564 352 
1368 653 811 302 
1369 261 752 259 
1370 534 806 593 
1371 520 799 497 
1372 272 761 286 
1373 331 589 312 
1374 627 775 742 
1375 135 583 176 
1376 440 758 428 
1377 437 778 741 
1378 598 863 180 
1379 208 773 209 
1380 347 854 297 
1381 194 722 112 
1382 294 526 296 
1383 245 753 724 
1384 671 912 669 
1385 311 753 254 
1386 153 600 539 
1387 724 753 510 
1388 480 777 673 
1389 798 931 582 
1390 275 761 272 
1391 640 777 747 
1392 492 756 495 
1393 298 791 623 
1394 395 787 398 
1395 192 726 57 
1396 97 727 193 
1397 659 843 29 
1398 276 764 342 
1399 741 778 489 
1400 259 752 743 
1401 248 774 275 
1402 201 751 227 
1403 515 529 370 
1404 402 792 412 
1405 156 850 602 
1406 332 772 331 
1407 494 756 492 
1408 148 780 12 
1409 744 774 238 
1410 605 805 179 
1411 428 758 728 
1412 169 897 725 
1413 268 768 265 
1414 457 758 440 
1415 99 790 170 
1416 303 764 269 
1417 269 764 267 
1418 775 802 403 
1419 28 843 172 
1420 238 774 248 
1421 286 761 514 
1422 337 598 335 
1423 226 776 715 
1424 362 766 338 
1425 294 769 526 
1426 563 770 330 
1427 227 751 516 
1428 337 599 598 
1429 345 781 346 
1430 107 818 734 
1431 228 770 252 
1432 716 850 156 
1433 351 570 564 
1434 762 787 396 
1435 65 816 64 
1436 190 784 7 
1437 39 783 191 
1438 267 764 276 
1439 719 792 787 
1440 206 793 751 
1441 591 824 589 
1442 368 837 369 
1443 372 837 597 
1444 664 898 415 
1445 615 809 613 
1446 807 839 550 
1447 367 763 365 
1448 657 873 656 
1449 263 768 271 
1450 776 811 653 
1451 31 789 158 
1452 342 872 660 
1453 531 827 530 
1454 26 848 180 
1455 644 900 157 
1456 169 918 897 
1457 781 782 346 
1458 275 924 760 
1459 598 772 335 
1460 346 782 348 
1461 33 823 32 
1462 528 828 527 
1463 76 788 178 
1464 288 767 341 
1465 100 790 99 
1466 610 811 357 
1467 328 793 723 
1468 514 767 288 
1469 189 879 629 
1470 583 594 176 
1471 716 888 850 
1472 510 797 558 
1473 172 848 27 
1474 463 778 437 
1475 490 794 494 
1476 265 768 263 
1477 257 807 200 
1478 370 763 367 
1479 396 787 395 
1480 337 766 599 
1481 715 776 329 
1482 415 898 595 
1483 59 795 58 
1484 498 830 522 
1485 751 793 516 
1486 790 832 517 
1487 443 876 733 
1488 156 818 108 
1489 311 797 753 
1490 813 831 500 
1491 208 786 773 
1492 799 812 412 
1493 331 772 590 
1494 519 794 778 
1495 78 866 187 
1496 398 792 402 
1497 610 815 811 
1498 348 782 351 
1499 315 809 285 
1500 24 844 23 
1501 627 802 775 
1502 182 866 79 
1503 487 825 488 
1504 663 870 148 
1505 513 779 481 
1506 778 794 489 
1507 743 786 208 
1508 403 817 381 
1509 626 802 627 
1510 305 796 523 
1511 366 803 368 
1512 58 795 192 
1513 753 797 510 
1514 146 832 101 
1515 837 855 548 
1516 94 849 93 
1517 723 793 206 
1518 529 763 370 
1519 661 904 342 
1520 481 779 565 
1521 763 805 365 
1522 752 786 743 
1523 343 801 682 
1524 302 815 244 
1525 244 819 696 
1526 581 798 582 
1527 273 814 810 
1528 293 890 323 
1529 489 794 490 
1530 379 817 425 
1531 702 846 186 
1532 658 932 355 
1533 568 934 684 
1534 305 808 796 
1535 571 869 564 
1536 350 881 349 
1537 506 852 509 
1538 740 812 487 
1539 526 785 296 
1540 351 782 570 
1541 296 785 345 
1542 847 906 453 
1543 87 798 86 
1544 706 919 722 
1545 273 810 249 
1546 365 805 364 
1547 353 797 311 
1548 497 799 719 
1549 634 889 767 
1550 828 840 527 
1551 25 863 24 
1552 792 799 412 
1553 631 923 632 
1554 646 853 644 
1555 714 808 305 
1556 299 824 303 
1557 285 809 322 
1558 815 819 244 
1559 358 840 768 
1560 576 906 847 
1561 632 923 785 
1562 783 921 616 
1563 200 807 198 
1564 567 934 568 
1565 709 851 690 
1566 155 928 588 
1567 94 911 849 
1568 608 901 522 
1569 800 860 637 
1570 287 814 273 
1571 141 830 537 
1572 589 824 312 
1573 614 917 619 
1574 673 887 567 
1575 100 832 790 
1576 455 838 457 
1577 665 920 545 
1578 600 891 539 
1579 344 822 606 
1580 725 897 561 
1581 523 815 610 
1582 516 841 301 
1583 86 892 85 
1584 64 816 161 
1585 186 846 43 
1586 167 813 543 
1587 166 861 621 
1588 381 817 379 
1589 284 865 277 
1590 726 929 918 
1591 664 906 577 
1592 412 812 740 
1593 719 799 792 
1594 108 818 107 
1595 620 845 147 
1596 601 864 500 
1597 867 869 571 
1598 563 804 770 
1599 561 882 725 
1600 561 897 326 
1601 355 932 821 
1602 732 880 443 
1603 680 894 585 
1604 314 859 562 
1605 770 804 252 
1606 565 838 458 
1607 602 850 730 
1608 284 883 865 
1609 660 826 659 
1610 494 886 756 
1611 693 928 47 
1612 260 822 729 
1613 523 819 815 
1614 42 846 195 
1615 53 882 145 
1616 533 879 650 
1617 662 900 505 
1618 117 933 168 
1619 609 847 453 
1620 146 852 832 
1621 147 823 33 
1622 725 882 54 
1623 760 924 512 
1624 726 918 169 
1625 599 863 598 
1626 512 924 511 
1627 812 825 487 
1628 518 861 585 
1629 706 827 531 
1630 502 829 501 
1631 500 831 459 
1632 361 875 359 
1633 2 910 40 
1634 6 909 1 
1635 46 928 155 
1636 801 841 516 
1637 4 911 94 
1638 752 828 786 
1639 512 908 697 
1640 619 833 618 
1641 312 824 299 
1642 521 825 520 
1643 371 880 515 
1644 60 914 3 
1645 831 856 482 
1646 585 894 519 
1647 343 841 801 
1648 292 930 290 
1649 786 828 528 
1650 522 901 534 
1651 375 876 443 
1652 520 825 812 
1653 101 832 100 
1654 495 870 505 
1655 317 904 574 
1656 318 883 284 
1657 559 908 316 
1658 573 895 318 
1659 425 876 377 
1660 454 912 503 
1661 307 908 512 
1662 544 926 154 
1663 443 880 373 
1664 852 877 509 
1665 633 889 634 
1666 795 858 192 
1667 369 837 372 
1668 275 873 761 
1669 342 904 283 
1670 195 921 783 
1671 315 917 809 
1672 796 819 523 
1673 632 878 174 
1674 582 871 738 
1675 271 828 752 
1676 739 868 619 
1677 358 859 840 
1678 271 840 828 
1679 587 932 658 
1680 859 865 562 
1681 542 874 856 
1682 41 910 2 
1683 1 909 113 
1684 23 844 181 
1685 95 911 4 
1686 175 836 133 
1687 503 862 532 
1688 3 914 59 
1689 551 839 257 
1690 458 838 455 
1691 839 925 916 
1692 174 878 771 
1693 641 922 702 
1694 797 834 558 
1695 362 884 766 
1696 318 895 883 
1697 29 843 28 
1698 857 871 668 
1699 505 900 694 
1700 548 855 547 
1701 185 888 716 
1702 849 911 651 
1703 185 919 888 
1704 301 841 552 
1705 764 872 342 
1706 784 909 6 
1707 40 910 783 
1708 148 886 780 
1709 162 862 671 
1710 600 916 325 
1711 190 902 784 
1712 768 840 271 
1713 809 917 613 
1714 353 834 797 
1715 763 899 805 
1716 791 842 556 
1717 345 923 781 
1718 457 860 758 
1719 43 846 42 
1720 93 849 189 
1721 840 859 527 
1722 322 922 641 
1723 161 913 834 
1724 832 852 517 
1725 721 874 542 
1726 783 910 195 
1727 194 909 784 
1728 730 850 704 
1729 27 848 26 
1730 297 854 295 
1731 517 852 506 
1732 177 881 721 
1733 694 853 502 
1734 588 932 587 
1735 252 868 739 
1736 607 915 779 
1737 887 934 567 
1738 774 924 275 
1739 611 927 803 
1740 349 893 347 
1741 785 878 632 
1742 145 851 709 
1743 580 860 800 
1744 850 888 704 
1745 192 929 726 
1746 180 863 25 
1747 854 890 295 
1748 803 855 368 
1749 541 856 831 
1750 794 894 494 
1751 352 874 721 
1752 656 873 760 
1753 825 857 488 
1754 527 859 314 
1755 542 856 541 
1756 551 925 839 
1757 672 914 60 
1758 657 885 514 
1759 851 875 361 
1760 827 902 190 
1761 865 883 562 
1762 173 915 607 
1763 359 875 561 
1764 353 907 834 
1765 804 868 252 
1766 530 861 518 
1767 79 866 78 
1768 558 913 559 
1769 660 872 826 
1770 277 865 358 
1771 159 885 657 
1772 805 899 179 
1773 779 915 565 
1774 341 889 771 
1775 521 871 857 
1776 569 893 566 
1777 758 860 580 
1778 846 921 195 
1779 781 896 782 
1780 171 905 731 
1781 534 926 806 
1782 532 879 533 
1783 295 890 293 
1784 85 892 160 
1785 708 877 146 
1786 570 896 788 
1787 54 882 53 
1788 738 871 521 
1789 377 876 375 
1790 745 899 529 
1791 704 888 705 
1792 373 880 371 
1793 708 887 877 
1794 333 920 665 
1795 756 870 495 
1796 771 889 633 
1797 146 877 852 
1798 157 900 662 
1799 183 887 708 
1800 722 919 185 
1801 303 872 764 
1802 562 883 563 
1803 453 906 664 
1804 358 865 859 
1805 684 934 183 
1806 168 933 578 
1807 702 922 616 
1808 888 919 705 
1809 179 899 745 
1810 721 881 350 
1811 364 884 362 
1812 918 929 553 
1813 782 896 570 
1814 616 921 702 
1815 780 886 680 
1816 326 897 675 
1817 675 918 553 
1818 672 858 795 
1819 559 913 816 
1820 613 917 614 
1821 883 895 563 
1822 521 857 825 
1823 577 906 576 
1824 731 905 515 
1825 178 896 781 
1826 705 919 706 
1827 897 918 675 
1828 668 931 150 
1829 514 885 767 
1830 526 878 785 
1831 767 889 341 
1832 839 916 550 
1833 283 904 317 
1834 795 914 672 
1835 821 932 588 
1836 553 929 586 
1837 325 930 292 
1838 488 912 454 
1839 806 926 544 
1840 316 908 307 
1841 500 864 813 
1842 584 925 551 
1843 47 928 46 
1844 788 896 178 
1845 113 909 194 
1846 195 910 41 
1847 619 868 833 
1848 735 907 353 
1849 515 905 529 
1850 519 894 794 
1851 834 913 558 
1852 563 895 804 
1853 529 899 763 
1854 582 931 871 
1855 803 927 175 
1856 59 914 795 
1857 511 924 774 
1858 916 925 325 
1859 702 921 846 
1860 785 923 345 
1861 706 902 827 
1862 145 875 851 
1863 816 913 161 
1864 525 903 836 
1865 183 934 887 
1866 175 927 836 
1867 154 926 901 
1868 578 933 891 
1869 871 931 668 
1870 891 933 539 
1871 901 926 534 
1872 925 930 325 
1873 584 930 925 
