1 -0.4 0.2 0.0
2 0.6 0.2 0.0
3 0.6 0.7 0.0
4 -0.4 0.7 0.0
5 0.2 0.45 0.0
6 -0.3722222222222223 0.2 0.0
7 -0.3444444444444446 0.2 0.0
8 -0.3166666666666669 0.2 0.0
9 -0.2888888888888891 0.2 0.0
10 -0.2611111111111114 0.2 0.0
11 -0.2333333333333337 0.2 0.0
12 -0.205555555555556 0.2 0.0
13 -0.1777777777777783 0.2 0.0
14 -0.1500000000000005 0.2 0.0
15 -0.1222222222222227 0.2 0.0
16 -0.09444444444444489 0.2 0.0
17 -0.0666666666666671 0.2 0.0
18 -0.03888888888888931 0.2 0.0
19 -0.01111111111111152 0.2 0.0
20 0.01666666666666627 0.2 0.0
21 0.04444444444444412 0.2 0.0
22 0.07222222222222197 0.2 0.0
23 0.09999999999999976 0.2 0.0
24 0.1277777777777775 0.2 0.0
25 0.1555555555555553 0.2 0.0
26 0.1833333333333331 0.2 0.0
27 0.2111111111111109 0.2 0.0
28 0.2388888888888886 0.2 0.0
29 0.2666666666666664 0.2 0.0
30 0.2944444444444442 0.2 0.0
31 0.3222222222222221 0.2 0.0
32 0.3499999999999999 0.2 0.0
33 0.3777777777777777 0.2 0.0
34 0.4055555555555554 0.2 0.0
35 0.4333333333333332 0.2 0.0
36 0.461111111111111 0.2 0.0
37 0.4888888888888888 0.2 0.0
38 0.5166666666666666 0.2 0.0
39 0.5444444444444444 0.2 0.0
40 0.5722222222222222 0.2 0.0
41 0.6 0.225 0.0
42 0.6 0.2499999999999999 0.0
43 0.6 0.2749999999999999 0.0
44 0.6 0.2999999999999998 0.0
45 0.6 0.3249999999999998 0.0
46 0.6 0.3499999999999998 0.0
47 0.6 0.3749999999999998 0.0
48 0.6 0.3999999999999998 0.0
49 0.6 0.4249999999999998 0.0
50 0.6 0.4499999999999998 0.0
51 0.6 0.4749999999999999 0.0
52 0.6 0.4999999999999999 0.0
53 0.6 0.5249999999999999 0.0
54 0.6 0.5499999999999998 0.0
55 0.6 0.575 0.0
56 0.6 0.5999999999999999 0.0
57 0.6 0.625 0.0
58 0.6 0.6499999999999999 0.0
59 0.6 0.675 0.0
60 0.5722222222222223 0.7 0.0
61 0.5444444444444445 0.7 0.0
62 0.5166666666666668 0.7 0.0
63 0.4888888888888891 0.7 0.0
64 0.4611111111111114 0.7 0.0
65 0.4333333333333337 0.7 0.0
66 0.4055555555555559 0.7 0.0
67 0.3777777777777782 0.7 0.0
68 0.3500000000000004 0.7 0.0
69 0.3222222222222226 0.7 0.0
70 0.2944444444444448 0.7 0.0
71 0.2666666666666671 0.7 0.0
72 0.2388888888888893 0.7 0.0
73 0.2111111111111115 0.7 0.0
74 0.1833333333333337 0.7 0.0
75 0.1555555555555558 0.7 0.0
76 0.127777777777778 0.7 0.0
77 0.1000000000000002 0.7 0.0
78 0.07222222222222241 0.7 0.0
79 0.04444444444444462 0.7 0.0
80 0.01666666666666683 0.7 0.0
81 -0.01111111111111096 0.7 0.0
82 -0.03888888888888864 0.7 0.0
83 -0.06666666666666643 0.7 0.0
84 -0.09444444444444422 0.7 0.0
85 -0.1222222222222221 0.7 0.0
86 -0.1499999999999999 0.7 0.0
87 -0.1777777777777777 0.7 0.0
88 -0.2055555555555555 0.7 0.0
89 -0.2333333333333333 0.7 0.0
90 -0.2611111111111111 0.7 0.0
91 -0.2888888888888889 0.7 0.0
92 -0.3166666666666667 0.7 0.0
93 -0.3444444444444444 0.7 0.0
94 -0.3722222222222222 0.7 0.0
95 -0.4 0.675 0.0
96 -0.4 0.65 0.0
97 -0.4 0.6250000000000001 0.0
98 -0.4 0.6000000000000002 0.0
99 -0.4 0.5750000000000002 0.0
100 -0.4 0.5500000000000002 0.0
101 -0.4 0.5250000000000001 0.0
102 -0.4 0.5000000000000001 0.0
103 -0.4 0.4750000000000001 0.0
104 -0.4 0.4500000000000001 0.0
105 -0.4 0.4250000000000001 0.0
106 -0.4 0.4000000000000001 0.0
107 -0.4 0.3750000000000001 0.0
108 -0.4 0.3500000000000001 0.0
109 -0.4 0.3250000000000001 0.0
110 -0.4 0.3 0.0
111 -0.4 0.275 0.0
112 -0.4 0.25 0.0
113 -0.4 0.225 0.0
114 0.1974927912181824 0.4722520933956314 0.0
115 0.1900968867902419 0.4933883739117558 0.0
116 0.178183148246803 0.5123489801858733 0.0
117 0.1623489801858735 0.5281831482468029 0.0
118 0.1433883739117559 0.5400968867902418 0.0
119 0.1222520933956316 0.5474927912181824 0.0
120 0.1000000000000002 0.55 0.0
121 0.07774790660436874 0.5474927912181824 0.0
122 0.0566116260882444 0.540096886790242 0.0
123 0.03765101981412686 0.5281831482468031 0.0
124 0.02181685175319724 0.5123489801858736 0.0
125 0.009903113209758257 0.4933883739117562 0.0
126 0.002507208781817746 0.472252093395632 0.0
127 0.0 0.4500000000000006 0.0
128 0.002507208781817483 0.4277479066043692 0.0
129 0.009903113209757758 0.4066116260882449 0.0
130 0.02181685175319649 0.3876510198141273 0.0
131 0.03765101981412594 0.3718168517531976 0.0
132 0.0566116260882433 0.3599031132097585 0.0
133 0.0777479066043675 0.3525072087818179 0.0
134 0.0999999999999991 0.35 0.0
135 0.1222520933956306 0.3525072087818175 0.0
136 0.1433883739117552 0.3599031132097578 0.0
137 0.1623489801858729 0.3718168517531967 0.0
138 0.1781831482468028 0.3876510198141264 0.0
139 0.1900968867902418 0.4066116260882439 0.0
140 0.1974927912181824 0.4277479066043685 0.0
141 -0.01713426052564042 0.4615391447839326 0.0
142 0.2173345226930583 0.4618389365402754 0.0
143 -0.375393758544783 0.4141632330393564 0.0
144 0.5783428383099517 0.4125406008856567 0.0
145 0.5803664411397543 0.5117669278822956 0.0
146 -0.3788220896317814 0.5124629469217054 0.0
147 0.3916666666666666 0.2240562612162344 0.0
148 -0.1912453052751538 0.2273631732207324 0.0
149 0.3912771655727955 0.6762010772791055 0.0
150 -0.1932013717673318 0.6771837291681911 0.0
151 -0.01179860910164295 0.4122927168341885 0.0
152 0.2117934494429747 0.4122985922994604 0.0
153 0.2005603842230629 0.5131862772814785 0.0
154 -0.0005603842230625378 0.5131862772814788 0.0
155 0.577641311911963 0.3378606857128853 0.0
156 -0.379043949984968 0.3391103059385076 0.0
157 -0.1081654019498108 0.222591032680975 0.0
158 0.3080305148218023 0.2237459691274859 0.0
159 0.3093267555555316 0.676605220509561 0.0
160 -0.1071310643025029 0.6758624164597425 0.0
161 0.4750000000000002 0.6759437387837657 0.0
162 -0.273717772836665 0.6763309854955077 0.0
163 0.01672105732188635 0.3667195280733228 0.0
164 0.1839788560048951 0.3660211439951041 0.0
165 0.4751684489107921 0.2239631971351345 0.0
166 -0.2739123682322961 0.2238927986294253 0.0
167 0.03758423537125528 0.5506218708715769 0.0
168 0.1609240404793283 0.552653955084906 0.0
169 0.5792568805435682 0.5850490398139028 0.0
170 -0.37819456940811 0.5868338329121373 0.0
171 -0.02637929572018761 0.2232036364015248 0.0
172 0.2229530289035667 0.2257791042516421 0.0
173 -0.0249136239727774 0.6776837725803948 0.0
174 0.2251562732130569 0.6773047825756949 0.0
175 0.05800980248974663 0.337765879717163 0.0
176 0.1396678992261979 0.3374121543154087 0.0
177 0.08670264680453901 0.568017273777092 0.0
178 0.1414661858065383 0.6763387131670076 0.0
179 0.0306782985260227 0.2222025112464618 0.0
180 0.171670176939596 0.2261487811008433 0.0
181 0.08497041827383396 0.2182014782550769 0.0
182 0.02905981501266063 0.677422220962292 0.0
183 -0.3783493649053891 0.4625000000000001 0.0
184 0.5783532697363468 0.4624987547921149 0.0
185 -0.3796972299599418 0.2886047356334778 0.0
186 0.5776525915795031 0.2856565126206937 0.0
187 0.08569380899010012 0.6738542475015401 0.0
188 0.5306661076574165 0.672762205913448 0.0
189 -0.3310934040602174 0.6762805133602015 0.0
190 -0.3333457079788812 0.222977150389311 0.0
191 0.5300705667630635 0.2237276624753507 0.0
192 0.5749272012338561 0.63653713190272 0.0
193 -0.3754075256236585 0.637517365658875 0.0
194 -0.3776713314107792 0.2367853822919013 0.0
195 0.5798406414481853 0.2377729155537106 0.0
196 0.2164084363467151 0.4368741292992072 0.0
197 0.2367482782898691 0.4480990112967142 0.0
198 0.2373227612937655 0.4729559138287505 0.0
199 0.2571798359997307 0.4592401305333324 0.0
200 0.2592909776751718 0.4833257030005252 0.0
201 0.2786049371718262 0.4705527687679563 0.0
202 0.2766969687071061 0.4464819880049012 0.0
203 0.2982031604287759 0.457702724804151 0.0
204 0.2967414282743589 0.4341811032572861 0.0
205 0.3180924129638203 0.4449274254078425 0.0
206 0.3195283233027589 0.4684728221681783 0.0
207 0.3395069831477348 0.4555693812994862 0.0
208 0.3379623778624726 0.431812058667776 0.0
209 0.3595813824815822 0.4423950031609685 0.0
210 0.361011766250051 0.4665104583356735 0.0
211 0.3813272090905202 0.4531995856381574 0.0
212 0.3827579474466557 0.4775621195046205 0.0
213 0.3796400298099384 0.4288849539896725 0.0
214 0.4017261911021283 0.4397136304293324 0.0
215 0.400180762773115 0.4152360893225042 0.0
216 0.4222797305470498 0.4261058174333054 0.0
217 0.4207779390672521 0.401376752234275 0.0
218 0.3982426820046269 0.3903363118504534 0.0
219 0.4191797325867512 0.3763924309790706 0.0
220 0.3965620299615237 0.3652559491079602 0.0
221 0.4417025334402633 0.3875349968680364 0.0
222 0.4401768587077179 0.362368632054728 0.0
223 0.4627993723113417 0.3736893303563129 0.0
224 0.4613410648714994 0.3483133844540646 0.0
225 0.4640953040145991 0.3987323040989927 0.0
226 0.4237107775105733 0.4506307128220542 0.0
227 0.2801042148220835 0.4940460965509202 0.0
228 0.4384882717196199 0.3369344147376601 0.0
229 0.3622090569030115 0.4909432143930532 0.0
230 0.3842017952460151 0.5021959631133748 0.0
231 0.3632792010126871 0.5156848358620677 0.0
232 0.3856454240698477 0.5271190506647659 0.0
233 0.3643458498244698 0.540869042973366 0.0
234 0.3870430330731237 0.5523517151739729 0.0
235 0.4083223214250136 0.5384775134861929 0.0
236 0.4098126107561427 0.5639171203083364 0.0
237 0.4312421331505829 0.5498083564027099 0.0
238 0.3656962690169677 0.5662014265429663 0.0
239 0.3428967930542925 0.5546451932396602 0.0
240 0.4327607359332614 0.5755149011453368 0.0
241 0.4542395858245559 0.561322006729946 0.0
242 0.4526842511092026 0.5357659803499273 0.0
243 0.4756075738734188 0.5471787048068109 0.0
244 0.4734924839482273 0.5220488319536039 0.0
245 0.4772457889262146 0.572727392204529 0.0
246 0.4853041386502834 0.3850178935933516 0.0
247 0.4866257137462529 0.4100348598387819 0.0
248 0.3441702356668732 0.5800863389917239 0.0
249 0.3216123424215207 0.5687194550955242 0.0
250 0.459833117646629 0.3226610591170523 0.0
251 0.4826601545954944 0.3342580694119389 0.0
252 0.436958095342044 0.3120064689989456 0.0
253 0.49859511613931 0.5585769598263173 0.0
254 0.5002485785594519 0.5841518200510012 0.0
255 0.4813681851439509 0.308426777170737 0.0
256 0.4111207665803783 0.5897208846935025 0.0
257 0.2609685577932761 0.5067215684212778 0.0
258 0.2751044505395128 0.4225759107669709 0.0
259 0.2952206202016143 0.4104230198934705 0.0
260 0.2739195402714259 0.3994699933427497 0.0
261 0.2938151627415111 0.3868466261004861 0.0
262 0.2722969900865373 0.376038125611783 0.0
263 0.2923735118321769 0.3626342477433945 0.0
264 0.2703005354198972 0.3517943747602875 0.0
265 0.2908829460755521 0.3380990550703044 0.0
266 0.2683990430316253 0.3270831781350985 0.0
267 0.2893977877983404 0.3131202014561086 0.0
268 0.3119551435311019 0.3243423989329948 0.0
269 0.2667546075826309 0.3020350560321575 0.0
270 0.2457167001331906 0.3161074903073527 0.0
271 0.3137412206891658 0.3734925009323355 0.0
272 0.3227129857511875 0.5940304892284114 0.0
273 0.2998853040113223 0.5822438665260946 0.0
274 0.4343611809928189 0.601509033779043 0.0
275 0.3476961280125406 0.6080937934840048 0.0
276 0.3105479071184528 0.2989386547090408 0.0
277 0.3326803844679512 0.3104259099819712 0.0
278 0.5043258263286066 0.3200430671579059 0.0
279 0.5077641759612026 0.3963135165218136 0.0
280 0.5091940792347848 0.4213604841325486 0.0
281 0.4879902126916554 0.4349418488015914 0.0
282 0.5106214652992539 0.4463433169194072 0.0
283 0.3324863497378402 0.2854764781574299 0.0
284 0.3534589092110061 0.2962800712633115 0.0
285 0.503068399832255 0.2942277133647325 0.0
286 0.3011783745900751 0.6078765751982176 0.0
287 0.2785634772860218 0.5964654662587938 0.0
288 0.279648133000022 0.621853969758829 0.0
289 0.2569147754916557 0.6099711574939602 0.0
290 0.2556561912772511 0.5808547554413789 0.0
291 0.2344370429000128 0.5974647459840415 0.0
292 0.2318533552585008 0.572707575352375 0.0
293 0.2126027242752381 0.5872450145282727 0.0
294 0.2133589829182438 0.611450165534428 0.0
295 0.1919172933858321 0.6009350307310451 0.0
296 0.1922256360400478 0.624946965161038 0.0
297 0.170387813931148 0.6138995395358134 0.0
298 0.2494856537371347 0.365084383078265 0.0
299 0.2438593339688671 0.2911758145648043 0.0
300 0.2229453407917954 0.3051111986171327 0.0
301 0.2811885587661209 0.5177568036690006 0.0
302 0.4505994900691814 0.5106385469972148 0.0
303 0.2650226183742672 0.276546083009323 0.0
304 0.48957600540418 0.4599836459727683 0.0
305 0.5120175690450205 0.4711869602468909 0.0
306 0.3755559292108727 0.3792958501712939 0.0
307 0.4129697090596869 0.6148087433609013 0.0
308 0.5215893101171192 0.5699246197048999 0.0
309 0.5198994124806354 0.5444452446353676 0.0
310 0.5232908877378056 0.5956181425564162 0.0
311 0.5019309079028259 0.6099907040286103 0.0
312 0.2210718216406644 0.2801713307755064 0.0
313 0.2001564445115924 0.2940987050473223 0.0
314 0.3742377068671635 0.3547089201614477 0.0
315 0.4780743520420808 0.2837587382212537 0.0
316 0.4365867779086138 0.6265713848249553 0.0
317 0.3541482007722908 0.2710863500275527 0.0
318 0.3751144577275103 0.2818232374444682 0.0
319 0.2256839373839818 0.3299043472168508 0.0
320 0.5261567616096026 0.3057395128213641 0.0
321 0.5271037189207485 0.3316360507317364 0.0
322 0.5227007400659213 0.2792406458355931 0.0
323 0.2127351785806816 0.5622143434813272 0.0
324 0.5250523002364819 0.6215834099022 0.0
325 0.2308417608181388 0.5496607026787413 0.0
326 0.5416863606513241 0.5557849952383057 0.0
327 0.5320207202015677 0.4333733215708322 0.0
328 0.3414854363374079 0.5044587779878091 0.0
329 0.4050090689840082 0.4885259732693633 0.0
330 0.3948820465871283 0.3399614199623013 0.0
331 0.1984106867757491 0.2689600437229055 0.0
332 0.1775998121795746 0.2832304658179888 0.0
333 0.1784757145446955 0.3067937632194885 0.0
334 0.1570185116967898 0.2973872581991416 0.0
335 0.1550090901800964 0.2724476753914059 0.0
336 0.1341536012034321 0.2874011278770149 0.0
337 0.1321100849287518 0.2617730766404833 0.0
338 0.111580219379279 0.2763741959537497 0.0
339 0.1139489893403774 0.302169203635714 0.0
340 0.09119783478945087 0.2909478406413615 0.0
341 0.2579728057852749 0.6357562279071687 0.0
342 0.309294386002539 0.271207866832485 0.0
343 0.3208146584843296 0.5431239956254443 0.0
344 0.2338667381639208 0.4229546257988148 0.0
345 0.171372311876397 0.6373210395333996 0.0
346 0.1486465777620081 0.6262368593033043 0.0
347 0.1492200519255787 0.5987081428542695 0.0
348 0.1267492876186962 0.6138824950726653 0.0
349 0.1229413942661016 0.5912092811480888 0.0
350 0.1045688333760718 0.6028707859042844 0.0
351 0.1053290229523013 0.627281247937475 0.0
352 0.07969777989773619 0.6178953285056237 0.0
353 0.5041472954540019 0.6346887459321933 0.0
354 0.5063725483445293 0.3712352554567395 0.0
355 0.5305616272888839 0.3820180924418748 0.0
356 0.4443929787807648 0.4371186407710737 0.0
357 0.4460775943238217 0.4616889057192235 0.0
358 0.3323748242961047 0.3355384088382583 0.0
359 0.5404568591463643 0.5310867824186725 0.0
360 0.518407043566566 0.5190757106232223 0.0
361 0.5376103080331246 0.5079491923065359 0.0
362 0.08844879385896023 0.2666160315914788 0.0
363 0.06824027085118635 0.280686908998414 0.0
364 0.06456719645758374 0.2553676154483687 0.0
365 0.04520272838062758 0.270290040905716 0.0
366 0.04768489827447368 0.294962124107152 0.0
367 0.025061092303498 0.2851803257905671 0.0
368 0.02722377724117946 0.3083779207905464 0.0
369 0.004651112222890233 0.2992576197674647 0.0
370 0.002208469984316092 0.2749860532491228 0.0
371 -0.01733533615674458 0.290602818560394 0.0
372 -0.01495912911705373 0.3142906607030075 0.0
373 -0.03707622636095904 0.3057096827019762 0.0
374 -0.03439015823334664 0.3296045782624635 0.0
375 -0.05672645182746307 0.3206750202475803 0.0
376 -0.05437696764280421 0.3443765459865099 0.0
377 -0.07639354845111919 0.3355052154733034 0.0
378 -0.0740127948114813 0.3591142466586839 0.0
379 -0.09634043890160394 0.3498091062130239 0.0
380 -0.09357314037044757 0.3738836458519176 0.0
381 -0.1159841998960333 0.3645114377939824 0.0
382 -0.1131341051475734 0.3886768899820185 0.0
383 -0.1357308040555243 0.3791424548456128 0.0
384 -0.1324941533308827 0.4038567356064559 0.0
385 -0.1554025382034765 0.3940267163038284 0.0
386 -0.1520856872060574 0.4189078335943799 0.0
387 -0.1752285436415432 0.4089142536444892 0.0
388 -0.1720970531193549 0.4336421235652125 0.0
389 -0.1951658368494813 0.4238419124268424 0.0
390 -0.1921408979170145 0.4486042705951198 0.0
391 -0.1689734116193984 0.4584049980544903 0.0
392 -0.1891332910339277 0.4735208326452788 0.0
393 -0.1657980353065124 0.4833599951523692 0.0
394 -0.1981492125192177 0.3990247649554578 0.0
395 -0.1859520420658068 0.4985448126572086 0.0
396 -0.1625129890912076 0.5082930065017939 0.0
397 -0.2093761763316286 0.4886837656687771 0.0
398 -0.2063270068224817 0.5137924006704219 0.0
399 -0.2182373284464955 0.4140291610456263 0.0
400 -0.2211891522370199 0.389072498634068 0.0
401 -0.2298365989496791 0.5040367143393226 0.0
402 -0.2267707995998409 0.5293736825737082 0.0
403 -0.1377853180743824 0.3546200435495552 0.0
404 -0.2415626235817512 0.404246144063874 0.0
405 -0.2445479214144882 0.3791918950748039 0.0
406 -0.1423676322391619 0.4930756746548439 0.0
407 -0.1392013877772297 0.5180885788261325 0.0
408 -0.2503872094669761 0.5194848760084977 0.0
409 -0.2472133234488976 0.545039227715654 0.0
410 -0.2241136576595164 0.3639483222289489 0.0
411 -0.2475345977641711 0.3539705994383292 0.0
412 -0.2236355734701655 0.554664556959387 0.0
413 -0.2679145601001263 0.369271489431403 0.0
414 -0.2709789857223179 0.3439653431617304 0.0
415 -0.1100700612202749 0.4130464086046678 0.0
416 -0.1191521635194787 0.5030605286728999 0.0
417 -0.1159720281750311 0.5278590787921134 0.0
418 -0.1360663749788364 0.5431211376239347 0.0
419 -0.1125795743496499 0.5528501988324941 0.0
420 -0.1328586032440032 0.5683308529227737 0.0
421 -0.2271113875192594 0.3386449946494032 0.0
422 -0.2709379608212265 0.5350072847656899 0.0
423 -0.2739615389835892 0.5095692251575834 0.0
424 -0.2677896174682144 0.560668785718409 0.0
425 -0.09566583334964789 0.3247084306840514 0.0
426 -0.1091532296067783 0.5780496399906909 0.0
427 -0.08916343351990434 0.5624456172673589 0.0
428 -0.08554199997743074 0.5876372191108159 0.0
429 -0.0656045602646926 0.572052085981245 0.0
430 -0.09629640554252956 0.5126053100092636 0.0
431 -0.2916552830136702 0.5505632539161068 0.0
432 -0.2884563985611946 0.5762839964999663 0.0
433 -0.2644549088392721 0.586538016028507 0.0
434 -0.2913416037639279 0.35926472834699 0.0
435 -0.2882850943310333 0.3844808950236686 0.0
436 -0.2944828970660793 0.3339110282689057 0.0
437 -0.2740389629407075 0.318567558395008 0.0
438 -0.1294559198065229 0.5938326090651256 0.0
439 -0.2977439007975518 0.3083474561421879 0.0
440 -0.06200515631112581 0.5971976986054626 0.0
441 -0.04207577840182695 0.5816823528931201 0.0
442 -0.0993404938314701 0.4882619236081853 0.0
443 -0.06125550292404792 0.2946636620098148 0.0
444 -0.2383310224211953 0.4291408119500322 0.0
445 -0.3115768761913692 0.3745323548724158 0.0
446 -0.30855661193961 0.3996408729409849 0.0
447 -0.1534131774326137 0.5839197866960003 0.0
448 -0.0768888889599907 0.4975736988793816 0.0
449 -0.07988663642721162 0.4735294662261645 0.0
450 -0.2853942009906078 0.6023580821321902 0.0
451 -0.1500237399602031 0.6097289799861552 0.0
452 -0.1741203082148907 0.5996482077002327 0.0
453 -0.07193970302113441 0.3817014972003513 0.0
454 -0.260609164989235 0.611564056525346 0.0
455 -0.03841314149061943 0.6063960709515563 0.0
456 -0.01866953823933984 0.5912176132471241 0.0
457 -0.05726807604835042 0.6265265497895911 0.0
458 -0.01503517001982782 0.6158581231294544 0.0
459 0.004173946796467307 0.6008384491987722 0.0
460 -0.3123029537809228 0.5661270748317826 0.0
461 -0.3153687968104711 0.540582583287412 0.0
462 -0.04540047436667029 0.5567466481358188 0.0
463 -0.2770317053263567 0.2927781497276393 0.0
464 -0.2034755883974512 0.3487858069286304 0.0
465 -0.2063545066268284 0.3232582954821813 0.0
466 -0.3010280723241843 0.2825060242777422 0.0
467 -0.3181428037054512 0.3239097818446987 0.0
468 -0.03186319145053255 0.3539403249035318 0.0
469 -0.1258463778642364 0.6196924063668547 0.0
470 -0.1466561477032665 0.6358290781482971 0.0
471 -0.1022598617699439 0.4640887314886759 0.0
472 -0.08208261408611016 0.4448051530345203 0.0
473 -0.3359262505893669 0.556045365339901 0.0
474 -0.3333302382835568 0.5818744880772329 0.0
475 -0.2853267399383792 0.4095712026494442 0.0
476 -0.305564337629227 0.424672703636594 0.0
477 -0.2823989809933464 0.4345999824289539 0.0
478 -0.3025860722268347 0.4496628453291388 0.0
479 -0.3257209350864345 0.4397609744161359 0.0
480 -0.3228115359959839 0.4646576284629112 0.0
481 0.008083359668984977 0.6257306789791635 0.0
482 0.02647024372144793 0.6104378591988809 0.0
483 -0.3317581339132498 0.3897678193310355 0.0
484 -0.3348331233753487 0.3646576672808971 0.0
485 -0.2795020254328313 0.4595222917182865 0.0
486 -0.2329681612419817 0.4789297253725462 0.0
487 -0.2406282957126815 0.5960907097178824 0.0
488 -0.2367273197790181 0.6207836340602085 0.0
489 -0.2300900140177489 0.3131755717940618 0.0
490 -0.2093283683075279 0.2976012678806199 0.0
491 -0.1854637376861894 0.3078634446650387 0.0
492 -0.1884738523891593 0.2819010200179976 0.0
493 -0.1644118773992248 0.2922898479568887 0.0
494 -0.2143214462807462 0.2686944407489174 0.0
495 -0.1677164533492989 0.2669710338567918 0.0
496 -0.1433820458800728 0.2768059431652222 0.0
497 -0.1771244139331028 0.5737870846695236 0.0
498 -0.0575901233942014 0.4832847065504528 0.0
499 -0.05467064116078847 0.506576526145763 0.0
500 -0.0001280844316511737 0.576900150997415 0.0
501 -0.1407704559466159 0.3023004738758686 0.0
502 -0.1193162247299093 0.2870606492671412 0.0
503 -0.2791737969014793 0.6307531212996141 0.0
504 -0.3061246445263512 0.6186077480483435 0.0
505 -0.1465961130153845 0.2488338398137251 0.0
506 -0.3385685785832567 0.5312272235530748 0.0
507 -0.3180549069254268 0.5151349458630606 0.0
508 -0.3552747517540372 0.3790008392319908 0.0
509 -0.340250175358831 0.5066078808116983 0.0
510 0.4580624990238724 0.6131928475687777 0.0
511 0.3900558055695629 0.6024554054239379 0.0
512 0.3908622390978565 0.6282669944087705 0.0
513 0.03345975806000535 0.633431345661176 0.0
514 0.3021795999857779 0.6337780834287792 0.0
515 -0.02358996636447791 0.2659860809548931 0.0
516 0.3009241715054759 0.5050496483503272 0.0
517 -0.358730827694388 0.5468074610243565 0.0
518 -0.280286086754777 0.2673614118517615 0.0
519 -0.2566190139175374 0.2782052412089838 0.0
520 -0.197621911936957 0.5895087242502477 0.0
521 -0.1946193298337203 0.6150155661572078 0.0
522 -0.03532024444560315 0.4953354582550055 0.0
523 0.4912618207456406 0.4849722647527994 0.0
524 0.230013949723378 0.3982373269767039 0.0
525 0.09364481942014993 0.3152248115967944 0.0
526 0.214372715241329 0.6365341619239 0.0
527 0.3536838357811462 0.3694055645120258 0.0
528 0.3557049531829868 0.3940612330615509 0.0
529 0.0005055685667243598 0.2516969988020225 0.0
530 -0.3043142545620938 0.2563576375614072 0.0
531 -0.3254498662362982 0.2728468862989898 0.0
532 -0.3035963696114964 0.6446789179886203 0.0
533 -0.3275161240225647 0.6333087851377237 0.0
534 -0.03447611089285303 0.5168724211237852 0.0
535 -0.01638277024977311 0.4368224128413297 0.0
536 -0.03434948304928727 0.4202534101830128 0.0
537 -0.03717273437187298 0.4477587030027852 0.0
538 -0.02991005496547118 0.3980636471283171 0.0
539 0.1877853794648807 0.5306519514408382 0.0
540 0.05992788209492678 0.5610402767403704 0.0
541 0.03981799394995665 0.573161872300826 0.0
542 0.06079592509334669 0.5856810207544562 0.0
543 0.01561356633899426 0.5374792311248026 0.0
544 -0.009637652878790051 0.5393828592719566 0.0
545 0.1619364591766365 0.34557139793921 0.0
546 0.1866375545124394 0.3415590140939875 0.0
547 0.03557181337261153 0.3514210136026419 0.0
548 0.01342240547521575 0.3430777006800693 0.0
549 0.2153468818678118 0.4883281792268645 0.0
550 0.2233831550888051 0.5133808374614017 0.0
551 0.2627108556425601 0.5307308445145853 0.0
552 0.2820964796214629 0.542519127714403 0.0
553 0.5458977749855591 0.6071114368136801 0.0
554 -0.05766755914376272 0.4334820455982594 0.0
555 0.2028790720130946 0.3871695487823679 0.0
556 0.2067488210815512 0.3627873319426871 0.0
557 -0.002283533921885447 0.3870172655851226 0.0
558 0.4594367579660711 0.6378916439408263 0.0
559 0.4355249681940975 0.6523471188002559 0.0
560 0.5491855363039146 0.3174395477114292 0.0
561 0.5604587686572947 0.5458065924334834 0.0
562 0.3726790849707748 0.3298298919009717 0.0
563 0.3934557447047208 0.3147367311304321 0.0
564 0.08366859995811723 0.6448517314078264 0.0
565 -0.01322626141882502 0.6393190510069904 0.0
566 0.1403176141925689 0.5605449450040819 0.0
567 -0.3443831935006197 0.4569441747301831 0.0
568 -0.3518481959599917 0.4315038811310866 0.0
569 0.1598752147662937 0.5743321645865724 0.0
570 0.106904716745576 0.6531073980861624 0.0
571 0.06330433452577819 0.6593209561830475 0.0
572 0.3771981923857712 0.2519481902377396 0.0
573 0.3984401184770426 0.2736647494108931 0.0
574 0.347997364034545 0.2467983607893761 0.0
575 0.05165927800144513 0.6186885718276546 0.0
576 -0.05399143138138086 0.4099653348827621 0.0
577 -0.07567965039852038 0.4195343075298353 0.0
578 0.1780961323410866 0.5658062475815732 0.0
579 -0.1211866271684157 0.6509972195780982 0.0
580 -0.1011847608161654 0.6295483736269276 0.0
581 -0.1459769162140772 0.6592075143301257 0.0
582 -0.1673131424404439 0.6487467501825056 0.0
583 0.1178986369645511 0.3302835015135289 0.0
584 0.2624822191970166 0.5550129099516833 0.0
585 -0.2587651785484144 0.2507901458223917 0.0
586 0.5484368443323965 0.633090541432446 0.0
587 0.5505761397461437 0.3430088008108615 0.0
588 0.5660901643717328 0.3615455799175664 0.0
589 0.2208450240415702 0.254756413898261 0.0
590 0.1973450689125197 0.2424527982308643 0.0
591 0.2415397455628014 0.2427922343605945 0.0
592 -0.007300414548629855 0.3624391529102852 0.0
593 -0.05144314678431873 0.5312835687966825 0.0
594 0.1364216888078258 0.3133888851581133 0.0
595 -0.1060535422156908 0.4391973171905278 0.0
596 -0.1248479970942242 0.4543769470794889 0.0
597 -0.01128700584033467 0.3380542131695787 0.0
598 0.151848221290657 0.2459486710962388 0.0
599 0.1297259662464075 0.236166489581414 0.0
600 0.2114397655661421 0.534600070842428 0.0
601 -0.02123630345994179 0.5631165106521271 0.0
602 -0.3575097911339485 0.3524284969615135 0.0
603 0.1995490475067502 0.3208133520267541 0.0
604 0.1165442668194266 0.5687646985996905 0.0
605 0.06062411556339417 0.2266437115468534 0.0
606 0.2550776749494096 0.4344157815825289 0.0
607 0.003066068793203272 0.6761101836791263 0.0
608 -0.01209939487268966 0.4892252747722524 0.0
609 -0.05138340210631266 0.3671925265740641 0.0
610 0.4687898901742348 0.4734117308149152 0.0
611 0.06945009557173253 0.303674331235612 0.0
612 0.5026979191620943 0.2238131745221819 0.0
613 0.4889097436050353 0.2457929914141735 0.0
614 0.4616886754913355 0.2460379039673024 0.0
615 0.518636461325535 0.2509849521023395 0.0
616 0.5435720983780769 0.2477892501863607 0.0
617 0.4477372548726128 0.2238012518122625 0.0
618 0.4346725266588393 0.246640256124818 0.0
619 0.452459483066568 0.2707545701631717 0.0
620 0.4197792687656496 0.2230461294431147 0.0
621 -0.3045791535188633 0.2280313025154072 0.0
622 -0.2591670757301684 0.4445087007538085 0.0
623 0.2478951316856389 0.3409767715372248 0.0
624 -0.161904223850908 0.318217547586723 0.0
625 -0.1396327622793445 0.3286288170610818 0.0
626 -0.1830209403280988 0.3336904224936589 0.0
627 -0.1807480969308335 0.359188742157824 0.0
628 -0.05866510057389525 0.4589858213572254 0.0
629 -0.3027919607954035 0.67245162373986 0.0
630 0.500256494571933 0.6755644975062916 0.0
631 0.1668849067476997 0.6768945343786805 0.0
632 0.195346655050463 0.6741804695196758 0.0
633 0.2518842781025513 0.6772906006076174 0.0
634 0.2808400540555888 0.6733172298956419 0.0
635 -0.05247966192095631 0.6763340462526756 0.0
636 -0.03751868440900703 0.6520829228876079 0.0
637 -0.06653446409462933 0.6530122257561499 0.0
638 -0.08010712157104306 0.6762661708560126 0.0
639 -0.294597516171809 0.5250524408748211 0.0
640 -0.2971952259940603 0.4996902707527854 0.0
641 0.5487435883719862 0.2912118029986852 0.0
642 -0.05275512247038371 0.223757797943462 0.0
643 -0.08039413010715164 0.2235746571505693 0.0
644 -0.09736851754931188 0.2482228667390871 0.0
645 -0.06650744271665078 0.2473910467010798 0.0
646 -0.0779842218613022 0.2715890285618514 0.0
647 -0.1455638968291241 0.4684097893637379 0.0
648 -0.330907080910652 0.6078893123287676 0.0
649 -0.3524793077342182 0.6233557131672955 0.0
650 -0.3479441545630511 0.6526907099852362 0.0
651 -0.3735572453279595 0.6639455018395394 0.0
652 0.4296603707999098 0.5245102127235342 0.0
653 0.4274503800235812 0.4995743169078058 0.0
654 0.3361564780792279 0.6762381778708856 0.0
655 0.3634675997438096 0.6762336838203858 0.0
656 0.3506094689577831 0.6530596592671669 0.0
657 0.3235914101956773 0.6494526339138578 0.0
658 0.527438904701166 0.3569630536131261 0.0
659 0.2810030305905114 0.2229324527467558 0.0
660 0.2956288832432802 0.2463969768583611 0.0
661 0.3216215394957824 0.2459267106007703 0.0
662 -0.1354437982137956 0.2225729486385234 0.0
663 -0.1622359687440888 0.223882201906763 0.0
664 -0.09048598954521651 0.3989728634153056 0.0
665 0.1582259117699488 0.3210519102833125 0.0
666 0.4200994878790515 0.6763957492317482 0.0
667 -0.2194444444444444 0.6759437387837656 0.0
668 -0.2060292045736469 0.6545150050896992 0.0
669 -0.2340325492760422 0.6483717937368635 0.0
670 -0.2469551963140885 0.6754240181849637 0.0
671 -0.2619417242282047 0.6529071812421142 0.0
672 0.5609250809910765 0.6785063740542756 0.0
673 -0.3420066720299885 0.4820858388915816 0.0
674 -0.2533843765198717 0.4943080449750562 0.0
675 0.5435932888600729 0.5812331542315601 0.0
676 -0.1488077503768563 0.4436413110550316 0.0
677 -0.1285931681310626 0.4294179082848748 0.0
678 0.466970543631991 0.4484509052097152 0.0
679 -0.2461466992279051 0.2241446005854618 0.0
680 -0.230718096950542 0.246303246953791 0.0
681 -0.2649801371966676 0.3943825257972648 0.0
682 0.3421501065597414 0.529676126770073 0.0
683 -0.3527458966319343 0.4038223805420885 0.0
684 -0.37449790683025 0.4379635180985503 0.0
685 -0.3293656851934079 0.414861438666321 0.0
686 -0.3566307467787303 0.5718397895656562 0.0
687 -0.09293159740713221 0.5373220730106688 0.0
688 0.5783590136935383 0.4375132079611922 0.0
689 0.5565052084352871 0.4496102269674201 0.0
690 0.5567591613740008 0.4731035712982726 0.0
691 0.556724325768432 0.4250398904328136 0.0
692 0.5549705392725687 0.3991123637430303 0.0
693 0.576830315224371 0.3840202678352883 0.0
694 -0.1219011963878648 0.2621978141822168 0.0
695 -0.0697360669656767 0.5468868873905952 0.0
696 0.4965857347700825 0.5333124383211255 0.0
697 0.4051526253257752 0.6535903832949259 0.0
698 0.5301720087409771 0.4076282311473581 0.0
699 0.3778744235712598 0.4043871384783372 0.0
700 -0.3147245198186696 0.3492895529116953 0.0
701 0.5748158469935052 0.3109837201567766 0.0
702 0.5604221731022884 0.2681162755645192 0.0
703 -0.3217117129112516 0.2984135624907907 0.0
704 -0.3414052779200448 0.3141321425408833 0.0
705 -0.3451502006020986 0.2885765412392384 0.0
706 -0.3487647785528792 0.2647229918865699 0.0
707 -0.2124663021824231 0.4637480198791805 0.0
708 -0.378350644624308 0.4874977834618135 0.0
709 0.5793469758303303 0.4870612062226888 0.0
710 -0.2009074416735173 0.3740064301785577 0.0
711 -0.3094192528422141 0.5921901169863806 0.0
712 -0.2619610966435847 0.4194082279405629 0.0
713 -0.3549818846701094 0.5973821893418483 0.0
714 0.5331395523786047 0.4580130057574256 0.0
715 0.4032281771594354 0.4640877044207006 0.0
716 -0.3793732095193044 0.3143644726793094 0.0
717 0.4428870140522971 0.412422058725852 0.0
718 -0.1566942341700889 0.5583680644021375 0.0
719 -0.1798378535665531 0.5484729665051031 0.0
720 0.4839053237461354 0.3597847173369685 0.0
721 0.08317280012364309 0.5938704705698385 0.0
722 -0.3739315228216339 0.2622002619391053 0.0
723 0.3408561696618939 0.4795722358573288 0.0
724 0.4559089866097688 0.5870717181516236 0.0
725 0.5804356039905448 0.5601196014537996 0.0
726 0.5791520984869826 0.6097822156302529 0.0
727 -0.3768438812393493 0.6116815168466927 0.0
728 -0.1056593147818849 0.6034477439812641 0.0
729 0.2513906313114298 0.3882517203677497 0.0
730 -0.3373902622866216 0.3390265137252424 0.0
731 -0.04025342385765159 0.2459006243676364 0.0
732 -0.05184749484663288 0.2692173388225653 0.0
733 -0.09315743737462907 0.2964838887907407 0.0
734 -0.37815836380285 0.3880692891949809 0.0
735 0.5290572263070358 0.645293325531291 0.0
736 -0.2154061739044675 0.4388907708575492 0.0
737 -0.07366112447007271 0.5220413440387257 0.0
738 -0.170490311914572 0.6246853763912219 0.0
739 0.4573282871801507 0.297786979762545 0.0
740 -0.244121372716853 0.5704606193559287 0.0
741 -0.2505833720334795 0.328588383571635 0.0
742 -0.1782179136486456 0.3842224919729851 0.0
743 0.316539269575926 0.421260812930043 0.0
744 0.3884237990579994 0.5776990804848033 0.0
745 0.001229465278521288 0.226055748465974 0.0
746 0.4175523289142674 0.3512476773421724 0.0
747 -0.2998241633939354 0.4745639260098231 0.0
748 -0.1222553408805671 0.4785455991446386 0.0
749 0.4653516142760779 0.4236007380327301 0.0
750 0.4067148934247292 0.5134005050275061 0.0
751 0.2997316078548021 0.4812799719244109 0.0
752 0.3148824199631519 0.3974907297643357 0.0
753 0.478996984948315 0.5984794853713551 0.0
754 -0.2767117433786365 0.4844897597527507 0.0
755 0.5053010794394467 0.3456533689514025 0.0
756 -0.1915050567042351 0.2559228729619358 0.0
757 -0.2360161718780089 0.4540073535429342 0.0
758 -0.08197913318971368 0.612727245366478 0.0
759 0.3774997961816452 0.6527122091303009 0.0
760 0.3632165852429863 0.6307831952231909 0.0
761 0.3232191941811989 0.6208497871671378 0.0
762 -0.1593389112340411 0.5333165210872763 0.0
763 0.02234541573702375 0.2613410870157669 0.0
764 0.2877905922319801 0.2880080994248202 0.0
765 -0.2563234602447113 0.4692915947479178 0.0
766 0.1094116294875452 0.2513431416209955 0.0
767 0.2805534558138479 0.6461052883026333 0.0
768 0.3122364480723172 0.3490306866474414 0.0
769 0.2359893638893343 0.6241479737443889 0.0
770 0.4159059220007227 0.3259520496675938 0.0
771 0.2371383454328141 0.6522728483181509 0.0
772 0.1753138427130321 0.2565314058933744 0.0
773 0.3578460487277298 0.4183557864860195 0.0
774 0.3668143093518214 0.591547930766104 0.0
775 -0.1581171633520579 0.3693264757559721 0.0
776 0.4255932399366505 0.4749871854303175 0.0
777 -0.3200725409152152 0.4897263799898507 0.0
778 -0.2535343735727014 0.3032073583419187 0.0
779 0.01283532290603315 0.6527765303784473 0.0
780 -0.21836689421227 0.223434137299623 0.0
781 0.1511902087132609 0.6533167357563012 0.0
782 0.127804665472768 0.6389728353887649 0.0
783 0.559195008338288 0.2251449311598625 0.0
784 -0.3597901766725513 0.2199845042808444 0.0
785 0.1935360032683335 0.6480682185765378 0.0
786 0.3361304860247859 0.4079456604090102 0.0
787 -0.1828230904083492 0.5234466969493494 0.0
788 0.1149751113941263 0.6772187724885653 0.0
789 0.3360351151700531 0.2231854500498883 0.0
790 -0.3790707662463242 0.5616644147026371 0.0
791 0.2269610184977481 0.3529168996496103 0.0
792 -0.2035510169513814 0.5387816832242294 0.0
793 0.3206028601264931 0.4926859787371408 0.0
794 -0.2328431732003783 0.2879292453541842 0.0
795 0.5789175784419704 0.6625497779621721 0.0
796 0.5144300738777522 0.4955241092344926 0.0
797 0.4808184364857465 0.6237973232340908 0.0
798 -0.1644144198002513 0.6745432953735151 0.0
799 -0.2004628812033411 0.5641629059340373 0.0
800 -0.0931216920907159 0.6536872978532827 0.0
801 0.3210520461254912 0.5172752575406757 0.0
802 -0.1602014174692709 0.3439453414341359 0.0
803 0.04994006520800558 0.3161457662308437 0.0
804 0.4140793015528129 0.2970123913651 0.0
805 0.04104950853981934 0.2458900530945105 0.0
806 -0.03053351142992237 0.5393335842119448 0.0
807 0.2400667428337658 0.4966743286332409 0.0
808 0.5357599412400639 0.4842958037011779 0.0
809 0.4977919585380228 0.2694404841066903 0.0
810 0.2997757163815397 0.5584552249334578 0.0
811 0.44820958469045 0.4860357480190807 0.0
812 -0.2207934467400221 0.5798784075824602 0.0
813 0.01864460130000742 0.5634315930135926 0.0
814 0.2790690130346177 0.5708451063738906 0.0
815 0.4709982410727559 0.497550244976986 0.0
816 0.4477445148813333 0.6775033845610616 0.0
817 -0.1172817872741801 0.3388417705738864 0.0
818 -0.3783311427793006 0.3639348218878322 0.0
819 0.4941958996635041 0.508747266643705 0.0
820 -0.02655404143794989 0.3750720016863983 0.0
821 0.5547563933725554 0.3774171306165247 0.0
822 0.2542211254078599 0.4111560047925875 0.0
823 0.3634458526724688 0.2243313770488731 0.0
824 0.2414699659137704 0.2671290036160247 0.0
825 -0.2174522989214084 0.6048259431385048 0.0
826 0.2659591152284573 0.248944048541587 0.0
827 -0.3283638475269797 0.2480463492112846 0.0
828 0.3342224750069661 0.3840163353277412 0.0
829 -0.117821632345249 0.312366514499127 0.0
830 -0.03633030969731714 0.4726881847869423 0.0
831 0.02186631985937379 0.5866310940577838 0.0
832 -0.3797990773189799 0.5369148720857042 0.0
833 0.4237834031612072 0.2701787400092324 0.0
834 0.4841483291210559 0.6520514539607887 0.0
835 0.2091160757964942 0.3415961889859779 0.0
836 0.08216950992339193 0.334020696377082 0.0
837 0.006789018319110676 0.3219580269361487 0.0
838 -0.03229226667732595 0.6280365435530401 0.0
839 0.2442029747630419 0.5203233656653959 0.0
840 0.3327132073473604 0.3598916341713149 0.0
841 0.30097527181407 0.5306966763055514 0.0
842 0.2248434234629824 0.3762801309986497 0.0
843 0.2528070132517763 0.2218160373622688 0.0
844 0.1060496841957678 0.2251530122602649 0.0
845 0.4070529568252039 0.2469766600541582 0.0
846 0.5809386393618805 0.2616935853989549 0.0
847 -0.05010269047408726 0.3889505927229922 0.0
848 0.1972825438400253 0.2188761367166699 0.0
849 -0.3571326318400444 0.6790086384127207 0.0
850 -0.3586948867724497 0.3278775885102143 0.0
851 0.558200813352593 0.4974637503132469 0.0
852 -0.3597900399909431 0.523224747616348 0.0
853 -0.1019455195806034 0.2731108495082074 0.0
854 0.1721704378235354 0.5911526334658737 0.0
855 0.03182614701764495 0.3297910513262355 0.0
856 0.04378333205875798 0.5961889008647147 0.0
857 -0.2130844256784141 0.6300799876245611 0.0
858 0.5538216731606252 0.6547898927993921 0.0
859 0.3528480587303957 0.3452834644359746 0.0
860 -0.08001762524791493 0.6351003384784859 0.0
861 -0.2843714083232889 0.2452866592760786 0.0
862 -0.2838494924673484 0.6551387894019178 0.0
863 0.146830054137064 0.2210751780702701 0.0
864 -0.0001660060105950212 0.556202153810702 0.0
865 0.3524434409149589 0.3212520903605883 0.0
866 0.05768300930968925 0.6808305395639696 0.0
867 0.0413407716522934 0.6562713554102847 0.0
868 0.4364516499974352 0.2894239543010306 0.0
869 0.0627430136632634 0.6380856028605938 0.0
870 -0.1722244761466052 0.2445418291575367 0.0
871 -0.1896458516866492 0.6369679835648826 0.0
872 0.2844420963173004 0.2664959454527709 0.0
873 0.3416665573180372 0.6324478138110716 0.0
874 0.0643996181392647 0.6032881600730934 0.0
875 0.5601626928855307 0.5219288742257057 0.0
876 -0.07663975478538144 0.3144072434410982 0.0
877 -0.3611266646789126 0.4988833076769508 0.0
878 0.2129099342632571 0.6580662975725191 0.0
879 -0.3226844215913819 0.6555595979610582 0.0
880 -0.03822090533057247 0.2852359166099287 0.0
881 0.1027859882779564 0.5849465019997988 0.0
882 0.5802372511121875 0.5357703326658807 0.0
883 0.3733811599298558 0.3068869296547019 0.0
884 0.08531683213937946 0.2418835362586769 0.0
885 0.3009970945215285 0.6551163249296135 0.0
886 -0.2095080534359973 0.2438645605633829 0.0
887 -0.3616375540348213 0.4738603792807055 0.0
888 -0.3606531287963358 0.3024293320920162 0.0
889 0.2616830475348956 0.6568098938957669 0.0
890 0.1937553300879141 0.5789412945469828 0.0
891 0.1943846775155006 0.55200024970373 0.0
892 -0.1318168486557139 0.6785224412916824 0.0
893 0.1377797083939939 0.5787118464385406 0.0
894 -0.2386533817795237 0.2663844640176536 0.0
895 0.3927163082246407 0.2941403866068524 0.0
896 0.1280081790447652 0.6600122761766819 0.0
897 0.5599647017927887 0.5687866182038629 0.0
898 -0.09469034813770859 0.4241362215589883 0.0
899 0.01916165132962229 0.2414372797249471 0.0
900 -0.1221107884421028 0.2401862177739287 0.0
901 -0.02002962078514538 0.5076368153417556 0.0
902 -0.353644560827284 0.2424527733331694 0.0
903 0.09842824157702303 0.3323822523718514 0.0
904 0.3336739524658525 0.2641143381504469 0.0
905 -0.01871486549635339 0.2437210015242169 0.0
906 -0.07107248379762605 0.4010224255159211 0.0
907 0.5096550906222886 0.6560720457688025 0.0
908 0.4170939652764368 0.6357526392393655 0.0
909 -0.381382664695366 0.2177538293508278 0.0
910 0.582251574401739 0.2175835693427146 0.0
911 -0.3814121052740266 0.6822788824032394 0.0
912 -0.2547585793946779 0.6324071387370085 0.0
913 0.4610238175102403 0.6599014000618023 0.0
914 0.5824129763310538 0.6832112304032896 0.0
915 -0.01127119321432156 0.6608411559883822 0.0
916 0.2292733740002664 0.5309638407939385 0.0
917 0.4753620543573094 0.2626378637020492 0.0
918 0.5604228101460861 0.5937548905604664 0.0
919 -0.3616859328774426 0.2791403022550155 0.0
920 0.1761292778460531 0.3261224043272899 0.0
921 0.5642333430660048 0.2483512398527118 0.0
922 0.5404656525404277 0.2675117785199841 0.0
923 0.1749887671385073 0.6573603777486943 0.0
924 0.3706752126561578 0.6106993672993463 0.0
925 0.2467298898907304 0.541885977796422 0.0
926 -0.01904745604195468 0.5232823914461842 0.0
927 0.07064285852260532 0.321366297031499 0.0
928 0.585454440515712 0.3620843401495652 0.0
929 0.5612167004728867 0.618037973217758 0.0
930 0.2458634989341236 0.5608254918825649 0.0
931 -0.1841207980536646 0.6583913526757588 0.0
932 0.5454738764088016 0.3613788280950737 0.0
933 0.1774005659413558 0.545891971782128 0.0
934 -0.3635595373438934 0.4525167925939004 0.0
